*These are HR numbers*
*And*
603  337
337  165
165  15
*Aql*
7236 7377
7377 7570
7570 7710
7710 7602
7602 7557
7557 7235
7235 7377
*Aqr*
7950 8232
8232 8414
8414 8518
8518 8698
8698 8709
*Ari*
617  553
*Aur*
2088 1708
1708 1605
1605 1641
1641 1577
1577 2095
2095 2088
*Boo*
5235 5340
5340 5506
5506 5681
5681 5602
5602 5435
5435 5429
5429 5340
*Cap*
7754 7776
7776 8075
8075 8278
8278 8322
8322 8204
*Car*
2326 3307
3307 3699
3699 3890
3890 3685
3685 4037
*Cas*
542  403
403  264
264  168
168  21
*Cen*
4621 4819
4819 5132
5459 5267
5267 5132
5132 5231
5231 5193
5028 5193
5193 5288
5288 5440
5440 5576
*Cep*
8162 8465
8465 8571
8571 8694
8694 8974
8974 8238
8238 8162
*Cet*
911  804
804  681
681  539
539  402
402  334
334  74
74   188
188  334
585  509
509  539
*CMa*
2282 2618
2618 2693
2827 2693
2693 2653
2653 2491
2491 2294
*CMi*
2943 2845
*Cnc*
3572 3461
3249 3461
3461 3449
3449 3475
*Cru*
4730 4763
4853 4656
*Cyg*
7924 7796
7796 7615
7615 7417
7420 7528
7528 7796
8115 7949
7949 7796
*Dra*
4434 4787
4787 5291
5291 5744
5744 5986
5986 6132
6132 6396
6396 6927
6927 7582
7582 7310
7310 6688
6688 6554
6554 6536
6536 6705
6705 6688
*Eri*
472  674
674  897
897  1347
1347 1003
1003 1136
1136 1231
1231 1666
*Gem*
2216 2286
2286 2473
2473 2891
2891 2990
2990 2777
2777 2421
*Gru*
8353 8556
8556 8636
8636 8675
8425 8556
*Her*
6212 6324
6324 6418
6418 6220
6220 6212
6092 6168
6168 6220
6588 6695
6695 6418
6623 6410
6410 6324
6095 6148
6148 6212
6023 6092
*Hyd*
5287 5020
5020 4450
4450 4232
4232 3994
3994 3748
3748 3547
*Hyi*
591  806
806  1208
1208 98
*Leo*
3873 3905
3905 4031
4031 4057
4057 3975
3975 3982
3982 4359
4359 4534
4534 4357
4357 4057
*Lib*
5787 5685
5685 5531
5531 5603
*Lyn*
3705 3690
3690 3275
*Lyr*
7001 7056
7056 7106
7106 7178
7178 7139
7139 7056
*Oph*
6453 6378
6378 6603
6603 6556
6556 6299
6299 6056
6056 6075
6075 6175
6175 6378
*Ori*
2061 1948
2004 1948
1790 1852
1713 1852
1852 1903
1948 1903
*Pav*
7790 7913
7913 7590
7590 6982
6982 6582
6582 7074
7074 7665
7665 7913
*Peg*
15   8775
8775 8781
8781 39
39   15
8308 8450
8450 8634
8634 8781
8650 8775
*Per*
915  1017
1017 1122
1122 1220
1220 1203
936  1017
*PsA*
8728 8628
8628 8305
8305 8431
8431 8576
8576 8695
8695 8720
8720 8728
*Psc*
8852 596
596  437
*Pup*
2773 2451
2451 2553
2553 2878
2878 3165
3165 2773
3185 3045
3045 2773
*Sco*
5984 6084
5953 6084
5944 6084
6084 6134
6134 6165
6165 6241
6241 6247
6247 6271
6271 6380
6380 6553
6553 6615
6615 6580
6580 6527
*Sgr*
7264 7121
7194 7234
7234 7121
7121 7039
7039 6913
6913 6859
6859 6879
6879 6832
*Tau*
1910 1457
1457 1346
1346 1409
1409 1791
1038 1239
1239 1346
*UMa*
5191 5054
5054 4905
4905 4660
4660 4301
4301 4295
4295 4554
4554 4660
*UMi*
424  6789
6789 6322
6322 5903
5903 5563
5563 5735
5735 6116
6116 5903
*Vel*
3207 3485
3485 3734
3734 3634
3634 3207
*Vir*
4517 4540
4540 4689
4689 4825
4932 4910
4910 4825
4825 4963
4963 5107
5056 4963
